[
  {
    "listing": "/listing-danl-320-cw.html",
    "items": [
      "/danl-cw/danl-320-cw-01.html",
      "/danl-cw/danl-320-cw-02.html",
      "/danl-cw/danl-320-cw-03.html",
      "/danl-cw/danl-320-cw-04.html",
      "/danl-cw/danl-320-cw-05.html",
      "/danl-cw/danl-320-cw-06.html",
      "/danl-cw/danl-320-cw-07.html",
      "/danl-cw/danl-320-cw-08.html"
    ]
  },
  {
    "listing": "/blog-listing.html",
    "items": [
      "/posts/nba/nba.html",
      "/posts/py-basic/blog-python-basics.html",
      "/posts/beer-markets/beer-markets.html",
      "/posts/welcome/index.html"
    ]
  },
  {
    "listing": "/listing-danl-320-qa.html",
    "items": [
      "/danl-qa/danl-320-qa.html"
    ]
  },
  {
    "listing": "/listing-danl-320-rw.html",
    "items": []
  },
  {
    "listing": "/listing-danl-320-hw.html",
    "items": [
      "/danl-hw/danl-320-hw-01.html"
    ]
  },
  {
    "listing": "/listing-danl-320-lec.html",
    "items": [
      "/danl-lec/danl-320-lec-01-2025-0122.html",
      "/danl-lec/danl-320-lec-02-2025-0127.html",
      "/danl-lec/danl-320-lec-03-2025-0129.html",
      "/danl-lec/danl-320-lec-04-2025-0203.html",
      "/danl-lec/danl-320-lec-05-2025-0205.html",
      "/danl-lec/danl-320-lec-06-2025-0210.html",
      "/danl-lec/danl-320-lec-07-2025-0217.html"
    ]
  },
  {
    "listing": "/index.html",
    "items": [
      "/danl-lec/danl-320-lec-07-2025-0217.html",
      "/danl-lec/danl-320-lec-06-2025-0210.html",
      "/danl-lec/danl-320-lec-05-2025-0205.html",
      "/danl-lec/danl-320-lec-04-2025-0203.html",
      "/danl-lec/danl-320-lec-03-2025-0129.html",
      "/danl-lec/danl-320-lec-02-2025-0127.html",
      "/danl-lec/danl-320-lec-01-2025-0122.html",
      "/danl-cw/danl-320-cw-08.html",
      "/danl-cw/danl-320-cw-07.html",
      "/danl-cw/danl-320-cw-06.html",
      "/danl-cw/danl-320-cw-05.html",
      "/danl-cw/danl-320-cw-04.html",
      "/danl-cw/danl-320-cw-03.html",
      "/danl-cw/danl-320-cw-02.html",
      "/danl-cw/danl-320-cw-01.html",
      "/danl-hw/danl-320-hw-01.html"
    ]
  }
]